7261
5877
2621
7920
2486
8803
3817
1378
8318
2800
2705
6547
3120
60
8502
1285
7941
2625
3257
9606
9030
8425
4930
7588
6458
4867
9725
3842
7302
9254
7629
6677
2593
5400
1611
6445
8891
1722
1287
3662
463
1772
2745
3288
2343
3942
293
4150
3957
2758
9085
3352
554
3905
2229
4843
5414
2620
4840
872
5966
5319
8808
6997
2345
4592
6699
2363
7743
1806
3959
5241
965
4853
4921
6480
2333
1915
9446
9657
3325
4727
6459
8021
9678
8580
6332
3282
4367
8371
4855
8845
3964
8775
1106
1870
5163
8674
1305
2612
7844
834
9780
8813
8435
4586
871
756
6725
6525
1299
5626
5807
8247
4549
3358
4338
9442
2680
4437
22
5824
6255
7877
7854
2622
9064
1841
859
8055
8932
9907
1456
8897
9805
4056
9930
16
6870
6706
4520
227
8421
9419
8105
2410
3527
1828
8518
1314
7516
9960
8585
2071
4334
2544
7237
2597
6303
4455
1178
3356
7685
1619
1046
2523
6506
5412
7875
7670
5618
4792
2708
1490
4402
111
574
6561
694
3460
9577
9069
7075
3593
1024
8290
8959
4370
1988
1730
7252
4602
1407
6504
7578
8289
8834
6644
7487
4157
4817
4825
8780
617
4565
6011
7088
4391
7954
3399
1549
4753
590
9887
9117
7092
5317
4360
8203
8991
1061
3823
7974
58
1196
603
216
7505
7546
3634
8552
5195
7644
8955
8777
2286
3275
7686
8043
1170
733
6900
347
1214
150
9173
6641
1528
9946
5715
4124
6412
9713
4366
6587
4231
9188
624
2881
8431
6008
7601
3499
6311
7220
5841
7618
8406
4000
4709
9128
90
1906
2158
2468
1970
6406
8531
5516
9848
3506
809
520
4095
7148
9067
6540
9921
4489
9340
5070
5556
2125
6707
7847
5700
6964
9241
1037
4107
1737
2423
8554
2678
8336
7001
7291
163
4629
1551
7753
568
6149
6028
7821
493
1711
4699
3536
3745
3008
9367
248
9578
4606
678
6127
913
3467
8744
480
4963
2025
7987
3234
7129
3335
5606
4054
1445
2594
6199
1202
1082
7264
3
5731
7978
7023
2555
1584
8882
596
2987
4571
4866
4314
11
6073
67
4882
9661
9054
7157
5712
7561
9449
4206
7192
7051
1620
666
7084
94
2181
7312
9999
7492
9650
6951
3490
1784
3393
5019
6605
6865
4986
3914
9137
2751
45
2144
5337
776
6108
585
5256
4413
5567
6867
4440
5426
4920
438
9345
2755
3114
957
9395
380
5849
9195
4600
6624
7656
5353
9702
6733
9620
2967
2197
5755
283
962
4296
8076
1600
6200
2670
4590
9335
8564
6808
5037
5945
7230
3564
4096
3617
3839
8627
1389
719
7592
7422
5006
5276
3185
7984
2237
1457
9205
8771
4252
2551
9884
1956
2903
6800
2652
7073
6330
7855
3108
8968
5387
7243
6986
2338
122
3480
5923
818
5967
2573
5352
9507
2596
7888
491
693
5737
6319
136
406
920
5206
3226
6516
1068
1343
7495
6594
4198
3930
9
5539
7460
3248
3582
1011
7733
5636
8782
575
5407
1101
5345
7090
8764
2807
3395
9076
4956
5795
4670
4038
5257
2141
1671
9608
6671
2552
282
7195
1585
3487
3915
1156
4108
343
2366
3558
9218
460
8918
336
6437
1434
4830
7170
9675
4383
6388
8958
5334
8989
4512
7139
3255
8108
944
5148
7011
3618
5526
6804
1899
7223
8253
4886
966
3170
6568
3087
6750
6579
6713
8408
4351
6564
897
6385
5756
7663
2087
3497
1197
6902
7671
644
5719
2613
2132
6926
6826
5364
4796
7016
8391
4292
3239
5857
7334
4948
7729
2874
7100
9058
9283
6043
7980
4051
4981
5747
2925
2369
6431
5058
8124
529
5362
8514
2388
9354
3978
8575
8302
446
7424
2799
5890
4907
6797
9729
7968
2672
5851
4649
91
1692
6554
9683
3891
7865
4579
3301
2251
1508
5142
1040
7214
8570
7239
4079
3522
2909
85
1250
8308
2951
7034
940
3169
7317
7094
3819
7701
9706
3765
1869
8579
5709
1006
8070
2309
5429
3562
5544
567
8935
4643
1958
3572
1400
2861
1616
8599
876
8415
3850
1587
4957
243
6727
6681
103
6393
8381
2284
3104
3621
2942
552
8769
8338
7924
1349
15
2888
9206
8145
4642
2885
9475
6987
4826
155
7736
9527
3047
4264
1820
5470
5214
1750
6262
298
669
9145
2311
8661
9761
3003
2716
1714
6943
9488
3059
7275
9613
7228
1260
4240
8713
9080
546
523
9811
5671
1183
5788
654
7773
3345
3977
7778
8470
5359
6889
4196
6337
8151
3799
9257
4117
9272
658
1852
5702
5655
8116
963
8437
6965
5190
7040
8188
3448
1797
3712
9315
3573
6013
1614
5279
5350
1801
2178
8163
2174
7740
6402
7566
895
9612
4183
2695
1452
3815
6630
9891
3690
2212
4807
3521
9073
7161
4055
5956
8463
1773
2636
6372
3086
4784
1474
9959
115
5044
3626
3949
5496
27
3016
2378
6172
3492
245
681
4305
9011
1986
5033
1767
6333
997
5892
679
2088
3812
2660
7036
5876
6760
2157
7413
1940
773
7916
2061
1718
835
9402
4120
5517
4783
1928
4317
6665
1375
6106
8914
5796
5627
1056
8652
3375
9322
3547
5395
3983
1689
3316
4424
5528
1326
751
8272
4589
4513
9756
7213
7858
2545
3189
7475
7834
8392
6123
8307
4222
8602
1485
4217
2387
3612
318
4614
4342
4525
6573
2036
7885
3912
312
177
1085
8173
9457
3866
8303
2809
1515
6116
2514
178
3254
6121
4735
9861
2539
1698
5661
1112
3830
879
2741
8495
9952
7707
8953
4
5919
6482
5913
4476
8662
2944
5775
7591
4653
50
9279
9455
9831
4215
3670
6574
8072
3776
2890
1997
5629
4331
4356
2970
2601
8297
6692
6457
7596
5887
2962
1399
4032
4927
2559
3858
5273
6228
8980
5467
8143
3962
5545
4698
2735
2815
4814
5039
5736
9871
2403
4102
6794
8140
2780
8231
8504
2302
2276
5494
6996
2757
6440
5968
2478
4935
9625
1570
1912
1205
6346
8041
4284
7744
1424
8410
3273
9256
8477
8011
3518
9114
3884
2392
5010
4502
9634
3880
7428
1497
5016
3474
6035
2526
1807
7328
7551
2272
3650
8369
6811
3820
3130
5442
1383
1669
3369
5289
2907
1256
5293
5514
6305
4533
1257
881
9654
8474
9141
544
2476
8917
1889
269
7158
7534
4848
4386
5953
874
8881
8320
5906
3267
7737
6342
3118
4270
6941
6400
2289
7489
1223
5718
9873
4595
5907
1736
4943
3420
7389
936
3867
6152
9268
932
757
6620
2546
9881
2128
7717
9312
3324
5859
1436
6673
1237
6784
483
9423
7145
2826
5990
374
3074
3060
5021
1263
3575
5804
1577
6039
5867
1266
2373
910
6455
7005
2295
5280
2494
3649
4996
4918
6714
2699
9486
4506
1895
7923
4495
5651
6669
2824
4376
4328
5288
4347
4954
230
7608
3326
3716
2459
1776
8676
6503
7370
369
7398
3933
1533
2836
7619
5619
8717
1148
4298
3447
9758
8166
9051
6003
6052
3614
8817
342
3135
6693
2726
9101
1792
2905
6214
754
1810
2209
451
3390
6731
4733
6904
5884
1096
2646
549
1123
6088
9233
4018
9561
8278
8262
8395
4772
2171
4388
4162
6702
2155
2416
9796
3459
1740
6105
618
3674
6015
5547
7259
706
7408
5554
5704
8593
597
8866
7037
6710
6089
4821
3280
1878
5397
6373
4094
6070
2731
4505
5982
5238
3789
2787
6853
2538
9482
5565
1071
4468
5367
3071
5751
7990
4498
5901
5355
5343
9754
6308
9844
7666
5668
3394
6785
5599
5207
8174
8008
1116
4969
235
5423
2419
276
1102
2497
6781
3979
2655
800
1749
2791
7575
6689
5583
6807
4944
5963
9738
296
9935
8161
362
5422
1907
9199
1232
1845
7609
3507
3642
9942
3431
8752
4002
1502
848
4425
6072
2777
6720
4953
3843
9592
3728
2090
1873
1884
5159
8226
3062
9616
8274
2153
4527
6825
8237
3313
313
1427
9635
7021
1971
1322
9132
3974
9458
4742
1259
6862
2030
1920
6257
1602
5992
6881
9522
6276
6571
5030
9889
3144
899
5175
9341
977
8984
4725
5311
1192
772
4540
6096
3683
2050
5965
6880
8062
6966
1280
1648
2016
858
3826
5673
667
2623
843
3792
3113
137
9601
7947
1105
1850
4072
2673
2474
1566
6629
9833
5814
8269
6769
6364
3767
2599
2130
4518
4578
2076
7190
9870
8653
6394
5578
4490
5726
4374
6036
7780
1672
228
4884
4524
8538
5735
2624
1367
9745
3091
1556
8588
6251
4340
6298
4083
3265
8057
4522
2129
5717
8200
8760
5732
6581
7879
4736
5093
7807
8149
5551
5
952
2230
5152
591
4576
3196
9693
4077
9377
7173
2111
8013
1146
1980
9234
9005
8493
7705
1892
7047
7981
7167
696
2811
8718
1428
1770
2407
9215
1505
2074
8710
3213
409
3157
1281
8324
4661
9032
3140
433
305
5670
1453
6820
4970
9174
1844
9509
2932
1176
1680
9133
8440
5144
4979
8904
6981
2965
8832
8150
1218
6316
4326
8513
6383
2941
1413
9610
3119
356
2484
9905
6380
9846
8667
9530
8847
1397
4053
1066
5475
6454
4913
3802
1985
26
806
3707
1726
2339
8475
9629
2806
1455
1691
382
6278
1297
5730
7455
3705
3253
9546
2727
3658
5458
975
8453
918
8340
188
3578
2466
7657
9456
4195
5837
701
1164
1605
6193
88
7799
3493
2904
5534
8508
4947
945
3317
4536
2005
4806
2091
7244
3215
8695
3481
5954
447
9835
2916
6005
765
3660
8811
1393
8035
1545
9742
6622
8479
9298
5650
2122
8541
7126
601
969
5379
6447
8965
8954
8095
7604
7798
3085
9461
1439
3969
7135
8101
5579
3126
5512
8948
6638
8319
